100
496 444 237
17 40 684
480 638 81
488 217 169
533 602 549
156 870 46
3 5 3
773 357 680
939 606 967
838 847 46
513 513 512
45 56 35
5 5 5
667 904 842
3 4 2
873 606 983
967 647 980
576 147 142
24 469 4
541 843 449
4 3 5
73 811 128
872 312 419
695 830 64
302 215 36
82 144 651
355 783 831
1 5 1
1 1 1000
558 149 6
103 143 88
1000 280 224
4 2 4
1 1 1
1 4 1
793 778 933
513 513 257
95 239 387
922 923 892
158 874 125
3 5 3
5 3 4
1 5 1
344 295 695
1 1 1
187 764 163
898 164 855
38 99 37
3 4 4
529 284 390
627 277 21
747 125 107
669 474 92
512 512 1
743 179 877
7 16 858
1 2 1
1 4 1
4 5 2
829 118 882
475 76 53
3 4 3
4 5 4
512 512 256
1 1 1
7 8 5
579 567 341
512 512 513
910 657 188
513 513 1
133 784 98
815 948 387
563 22 3
512 512 257
1000 1000 1
445 583 303
513 513 2
637 988 940
4 1 1
316 916 948
673 610 298
1 1 1
512 512 2
811 453 77
771 650 601
513 513 256
589 559 338
358 105 66
146 181 186
5 4 5
587 906 96
674 944 263
509 337 304
97 376 770
629 797 170
139 452 82
678 456 879
729 630 717
3 2 2
233 25 20
