100
2 4
10 5
3 12
7 7 7
3 12
4 2 1
5 1000000000
25 25 25 25 25
2 2
1 1
5 5
1 1 1 1 1
5 448257424
1 2 3 4 5
5 915742169
18 7 21 11 25
5 716723724
2 2 2 2 2
5 665563772
3 3 3 3 3
5 681368234
8 8 8 8 8
5 984160883
13 13 13 13 13
5 306497337
11 11 11 11 11
5 620927724
19 19 19 19 19
5 800038079
20 20 20 20 20
5 630535811
17 17 17 17 17
5 256072989
13 13 13 13 13
5 411746614
5 5 5 5 5
5 564926291
19 19 19 19 19
5 342305322
15 15 15 15 15
5 879425364
4 4 4 4 4
5 464747509
25 25 25 25 25
5 937637083
2 2 2 2 2
5 99663407
12 12 12 12 12
5 941557754
18 18 18 18 18
5 440163174
9 9 9 9 9
5 352953712
11 11 11 11 11
5 371860242
18 18 18 18 18
5 235876001
17 17 17 17 17
5 238984461
2 2 2 2 2
5 146725349
21 21 21 21 21
5 676965102
1 1 1 1 1
5 782395836
3 3 3 3 3
5 97072365
1 2 3 4 5
5 443908026
1 2 3 4 5
5 710216369
1 2 3 4 5
5 729225699
1 2 3 4 5
5 988169406
1 2 3 4 5
5 942937341
1 2 3 4 5
5 27415287
1 2 3 4 5
5 405063606
1 2 3 4 5
5 600066420
1 2 3 4 5
5 564736457
1 2 3 4 5
5 753608112
1 2 3 4 5
5 45618585
1 2 3 4 5
5 335151409
1 2 3 4 5
5 243161952
1 2 3 4 5
5 694094209
1 2 3 4 5
5 810235796
1 2 3 4 5
5 98847120
1 2 3 4 5
5 605155708
1 2 3 4 5
5 589569664
1 2 3 4 5
5 57800324
1 2 3 4 5
5 536276895
1 2 3 4 5
5 720891944
1 2 3 4 5
5 613957017
1 2 3 4 5
5 768307017
1 2 3 4 5
5 577324268
1 2 3 4 5
5 203723667
7 23 6 2 19
5 641030983
19 4 7 1 14
5 895377315
19 12 19 22 7
5 143714320
24 13 17 20 2
5 742640369
6 13 19 14 11
5 718393885
18 24 18 20 25
5 73442422
2 17 18 8 8
5 487468227
23 21 6 23 24
5 518871602
10 15 18 25 14
5 333079550
17 8 1 21 13
5 391691224
17 5 2 17 23
5 691193656
9 4 6 2 15
5 185446611
8 5 9 11 18
5 795007614
7 15 15 7 2
5 726207704
5 23 9 13 21
5 996719524
13 10 21 7 18
5 980341245
14 25 8 23 9
5 486068825
22 17 7 23 11
5 283009179
20 13 5 11 24
5 903649925
20 23 10 14 13
5 949306596
1 22 7 14 5
5 664170542
14 9 24 18 7
5 339513875
15 13 14 9 3
5 237169049
9 17 14 15 7
5 773204393
1 5 19 6 12
5 554716956
24 18 13 2 11
5 510639360
10 11 18 8 14
5 52051588
4 25 1 14 9
5 988352037
25 21 18 25 22
5 924283949
25 5 7 5 16
5 160211536
22 23 7 9 14
5 447297637
4 2 24 12 2
5 213291516
1 22 11 7 18
5 910783846
6 11 13 13 18
5 944726339
18 21 16 5 15
5 182524117
13 15 9 10 2
5 658294324
20 16 5 19 3
5 196083293
17 18 14 18 4
5 871597867
11 16 3 20 22
5 16249138
17 24 20 6 8
5 583319252
25 9 21 14 12
5 80993515
18 12 14 8 3
