100
83168
30823
1564
1401
50196
22807
4595
8273
6265
9592
76002
5979
76854
15017
39383
5278
11766
8395
23779
90324
68916
14732
87822
60785
5311
51952
29815
63314
7476
3168
1303
42209
95218
3499
89324
76107
30031
7552
3438
13976
65949
38288
37732
6728
6076
65859
65874
76407
92714
8555
9643
51429
1984
5134
7516
3777
74759
33065
8422
53276
55455
37971
6888
39747
21791
95972
3301
32914
42093
75316
4824
29519
1542
41111
1502
55938
8597
8742
7422
4384
10722
50772
96609
42488
70779
6656
55714
9558
68105
9508
7413
2979
75619
2795
10853
4617
22876
3623
11839
89479
