99
2525 1
2400 5
300 2
120 60
60 90
1000000000 1
999999999 1
342486057 1
173444031 1006
238530394 1
26396718 1665
370680796 1
325721644 8843
485928004 1
385860331 4688
1000000000 2
999999997 3
999999998 2
333028572 1
70064457 6762
31598652 1
6446173 6514
528937937 1
350157837 5114
912410075 1
632039357 5348
671491386 1
193191330 8436
967850628 1
100446536 9258
588012740 1
192913170 8246
1000000000 1
1 1
862013562 1
787560389 2240
891601329 1
661169789 8738
957987643 1
92122089 5920
200000 2
5000 6
5001 1
687608530 1
302380646 4533
351337285 1
217787562 6805
1000000000 2
999999996 3
999999997 2
419631276 1
270430958 3887
946439053 1
658901164 5346
335741893 1
305946562 1866
1000000000 2
999999998 3
999999999 2
359597679 1
237712062 2513
454789099 1
99270926 600
998385608 1
100610965 5436
427288630 1
319242378 8931
824235106 1
87851501 7778
735762875 1
623450076 1426
2 1
1 1
176412520 1
17087258 988
714757092 1
131832511 7616
643273182 1
9829753 5626
379994249 1
107341776 5417
300415772 1
22946858 1804
205347104 1
183048454 8967
364596935 1
320252407 2720
151143519 1
83840290 704
839861989 1
798404123 764
917647748 1
578367250 7482
404981557 1
57828951 4762
805902257 1
217342096 7146
264495012 1
23481965 7976
990839065 1
848097401 9564
473261416 1
233158921 7620
44503437 1
28837304 3646
180663694 1
114924122 7771
2 1
1 10000
506936478 1
113376052 7793
1000000000 2
2 2
1 3
712921365 1
676212430 8657
1000000000 2
12345675 3
12345676 2
206605653 1
11621082 5645
378327197 1
129890075 8067
930792922 1
24724341 3010
322662841 1
60144966 2513
378323258 1
136360939 8484
399094088 2
243233520 334
286189326 469
1000000000 1
999999999 10000
138292283 1
10131934 7928
542600411 1
141280546 7959
485767959 1
264235172 2013
140803800 1
119877316 1113
546321265 1
528831722 7928
976396454 1
236308741 6511
536006124 1
433897699 1726
603947441 1
394243422 3707
1000000000 2
999000000 10000
998000000 10000
150130840 1
108928903 3195
832829756 1
222309658 4027
792321028 1
655790555 6532
408557418 1
105361130 9955
1000000000 2
100 10000
200 10000
99707527 1
70006224 7200
514842977 1
504411638 1463
320265664 1
214879224 4209
4614781 1
269788 5126
1000000000 2
999000000 1
998000000 1
86368247 1
52683547 6124
574613184 1
219604557 8813
249003415 1
31164373 8563
40008841 1
2016590 5380
387510783 1
129469149 3940
829438478 1
304309212 3890
275908664 1
55540950 2310
527223689 1
487599653 6521
630862055 1
424077511 588
203628252 1
126330236 6759
1000000000 1
1 10000
962241651 2
662235901 9690
305875234 9126
841694455 1
510636628 2767
260028565 1
217989484 9036
653987110 1
106475745 4961
653900443 1
165531771 2863
544602595 1
225042612 2283
