99
6 2 0 2 0 2 0
3 1 0 2 0 0 0
238 117 0 36 0 85 0
109 31 0 27 0 51 0
420 168 0 59 0 193 0
1000 500 0 0 0 500 0
999 1 0 499 0 499 0
999 500 0 250 0 249 0
1000 500 0 250 0 250 0
669 282 0 322 0 65 0
335 159 0 109 0 67 0
371 156 0 124 0 91 0
4 0 0 2 0 2 0
753 333 0 285 0 135 0
3 0 0 3 0 0 0
398 56 0 187 0 155 0
1000 500 0 1 0 499 0
817 708 0 18 0 91 0
665 232 0 206 0 227 0
731 44 0 343 0 344 0
772 178 0 248 0 346 0
212 83 0 82 0 47 0
559 4 0 276 0 279 0
412 121 0 148 0 143 0
6 3 0 3 0 0 0
4 2 0 0 0 2 0
627 7 0 344 0 276 0
784 366 0 353 0 65 0
359 122 0 136 0 101 0
783 335 0 249 0 199 0
390 112 0 171 0 107 0
339 154 0 121 0 64 0
730 323 0 132 0 275 0
146 11 0 63 0 72 0
158 0 0 48 0 110 0
898 444 0 222 0 232 0
263 66 0 166 0 31 0
241 45 0 81 0 115 0
5 2 0 1 0 2 0
845 771 0 37 0 37 0
886 431 0 160 0 295 0
168 74 0 54 0 40 0
301 3 0 2 0 296 0
559 158 0 153 0 248 0
740 292 0 318 0 130 0
5 1 0 3 0 1 0
478 223 0 144 0 111 0
581 188 0 248 0 145 0
999 250 0 250 0 499 0
298 131 0 141 0 26 0
663 324 0 88 0 251 0
12 2 0 4 0 6 0
999 333 0 333 0 333 0
4 1 0 2 0 1 0
3 1 0 1 0 1 0
76 17 0 26 0 33 0
83 41 0 32 0 10 0
610 244 0 246 0 120 0
377 179 0 21 0 177 0
794 309 0 297 0 188 0
195 4 0 190 0 1 0
548 181 0 199 0 168 0
304 51 0 125 0 128 0
386 119 0 90 0 177 0
573 230 0 115 0 228 0
285 37 0 123 0 125 0
680 237 0 111 0 332 0
196 88 0 89 0 19 0
4 1 0 1 0 2 0
248 87 0 118 0 43 0
4 2 0 1 0 1 0
226 66 0 77 0 83 0
6 1 0 3 0 2 0
241 119 0 10 0 112 0
999 500 0 0 0 499 0
186 10 0 135 0 41 0
106 49 0 42 0 15 0
879 295 0 238 0 346 0
1000 0 0 499 0 501 0
129 11 0 61 0 57 0
7 2 0 2 0 3 0
633 50 0 477 0 106 0
779 352 0 377 0 50 0
935 317 0 465 0 153 0
806 102 0 336 0 368 0
5 0 0 2 0 3 0
33 15 0 6 0 12 0
434 116 0 139 0 179 0
1000 333 0 334 0 333 0
152 53 0 63 0 36 0
377 64 0 135 0 178 0
960 304 0 244 0 412 0
145 38 0 44 0 63 0
913 204 0 334 0 375 0
642 223 0 311 0 108 0
415 188 0 190 0 37 0
4 1 0 0 0 3 0
690 24 0 546 0 120 0
508 120 0 247 0 141 0
