20
19 3
43 38 44 43 4 16 1 3 43 37 46 8 45 4 48 19 0 9 4 
20 5
23 50 37 34 14 11 48 33 21 17 49 33 25 38 30 45 34 35 1 20 
20 1
1 1 1 1 1 1 1 1 1 1 1 1 1 1 1 1 1 1 1 1
20 1
50 50 50 50 50 50 50 50 50 50 50 50 50 50 50 50 50 50 50 50 
18 10
24 45 1 4 10 30 50 37 23 49 8 6 31 15 13 31 36 44 
19 14
0 47 1 5 31 21 35 44 6 16 50 41 10 1 30 26 28 45 31 
19 15
19 21 19 35 48 25 5 45 2 31 40 46 16 13 16 36 4 10 24 
20 1
0 0 0 0 0 0 0 0 0 0 0 0 0 0 0 0 0 0 0 2 
10 11
1 2 3 4 5 6 7 8 9 10 
19 10
47 31 22 5 0 49 10 29 38 22 40 0 24 46 1 23 19 2 36 
19 5
4 13 23 37 5 37 34 10 21 7 22 4 32 18 7 36 44 10 36 
18 5
23 45 33 46 21 47 41 25 12 42 46 19 31 48 24 36 49 4 
18 4
37 23 15 44 9 3 47 15 29 50 40 16 14 34 45 28 45 40 
17 20
29 4 0 11 15 21 25 1 38 11 3 42 49 18 45 46 44 
18 9
22 24 19 13 46 10 5 30 47 10 42 45 25 3 14 19 14 44 
20 4
39 5 32 21 9 29 28 32 35 5 22 0 38 21 23 7 23 39 17 13 
19 3
3 22 50 41 34 10 33 49 43 35 17 23 10 27 30 23 6 17 7 
20 1
0 0 0 0 0 0 0 0 0 0 0 0 0 0 0 0 0 0 0 0 
17 3
13 20 11 24 36 36 27 7 31 2 13 21 16 7 7 6 15 
19 8
17 34 41 7 30 23 25 28 17 46 48 16 41 48 48 35 41 15 32 
