1000
21 60 67
41 87 80
38 20 36
44 4 23
5 92 68
4 99 54
78 31 43
91 9 77
31 8 81
76 58 19
95 95 17
84 69 3
34 44 71
97 24 78
83 21 71
18 57 73
1 7 59
49 47 74
28 14 70
43 82 22
13 62 100
12 3 26
75 71 84
36 69 53
18 28 91
8 88 1
98 42 24
2 57 53
23 89 93
47 25 9
46 60 87
71 59 9
14 10 10
66 92 12
35 43 32
91 24 30
55 48 15
47 53 21
16 66 96
26 91 40
43 54 4
75 12 4
36 64 15
27 23 13
68 85 59
13 98 74
55 94 47
80 78 67
81 16 88
95 82 27
16 10 4
19 71 93
32 94 82
51 22 21
2 96 76
46 65 73
1 90 31
59 89 41
84 70 75
27 6 1
16 46 80
40 5 31
54 12 86
10 22 75
44 95 98
75 96 31
48 62 3
90 93 62
42 4 54
99 97 98
34 64 3
95 29 87
31 11 66
96 74 56
7 54 41
97 81 53
38 92 85
92 33 47
29 2 60
28 44 77
98 4 46
36 54 38
90 14 81
10 37 85
65 39 45
13 69 20
63 97 5
6 26 84
66 75 25
14 46 40
71 81 41
92 38 94
48 48 69
15 27 85
89 48 41
14 98 61
6 54 76
17 8 18
57 98 14
48 19 14
62 44 84
75 93 5
86 33 83
28 100 1
57 38 52
10 67 92
100 97 2
64 81 11
39 43 22
29 81 85
81 38 96
52 39 2
42 65 78
14 19 22
57 85 91
53 6 61
31 9 91
94 29 22
2 47 93
1 97 39
58 18 38
88 5 55
14 59 83
91 86 32
71 83 38
54 28 35
37 26 33
55 77 36
73 94 6
7 55 85
0 55 55
41 32 82
23 1 19
48 59 23
27 69 53
13 55 55
78 56 13
76 78 55
96 23 79
27 61 19
21 1 14
83 53 23
88 98 52
38 86 11
89 80 24
77 31 9
16 54 82
55 83 24
16 96 54
47 66 45
24 100 35
52 68 11
73 5 80
64 25 83
37 77 96
85 71 33
34 98 65
9 77 77
28 43 83
98 69 74
39 81 80
1 55 20
81 3 94
85 73 70
49 22 17
35 72 76
85 16 71
37 59 59
34 10 100
81 4 75
64 20 30
52 20 71
40 47 81
34 44 91
4 80 61
12 85 59
1 95 53
31 46 91
84 18 41
10 19 4
13 82 4
53 28 74
1 69 27
53 76 77
84 53 47
67 56 15
60 87 90
5 34 58
38 10 22
62 87 92
3 98 22
91 2 82
11 10 80
67 88 33
76 77 73
73 43 35
47 8 15
55 80 45
85 73 67
65 91 93
91 10 23
57 61 15
89 48 39
58 91 89
5 66 37
37 24 17
2 76 15
60 38 13
49 79 11
45 54 78
92 7 98
45 4 63
57 75 37
19 13 36
79 48 79
34 16 89
27 63 72
45 24 72
95 52 21
26 7 46
70 72 24
75 76 37
15 12 1
98 28 93
87 5 14
13 68 39
88 64 68
38 2 57
49 35 2
91 83 54
68 23 60
100 74 54
63 43 23
73 67 79
24 60 67
3 82 67
100 31 47
5 47 66
31 80 31
100 84 31
75 31 59
74 35 91
28 11 21
41 9 44
97 37 34
47 92 81
32 14 83
8 58 1
68 88 5
39 62 100
80 70 89
3 19 75
59 60 85
62 86 17
39 94 64
94 20 21
78 12 26
86 75 33
77 21 90
61 71 58
38 18 100
98 22 42
51 66 33
33 61 4
8 47 90
34 92 25
8 90 85
58 36 22
0 10 42
44 65 58
75 55 81
21 84 62
19 80 12
6 53 79
42 67 14
83 89 31
67 60 11
33 12 86
17 36 76
0 44 99
88 98 54
78 28 94
54 7 5
70 35 42
84 95 42
95 62 96
86 98 75
61 34 14
49 43 41
97 18 34
85 55 91
77 46 25
35 71 80
56 30 6
100 55 38
31 83 25
4 86 31
99 41 62
99 10 38
45 94 28
77 61 9
73 4 82
20 60 75
49 78 52
65 77 35
5 97 10
63 93 100
9 72 95
11 72 92
64 85 30
91 48 60
76 21 60
52 90 42
24 57 38
33 24 78
22 64 65
55 94 27
15 19 12
54 69 77
15 81 62
97 14 17
88 55 34
67 83 21
50 42 68
64 82 82
56 6 32
27 86 68
50 82 26
49 48 55
14 63 94
100 18 7
4 79 33
93 28 75
27 5 38
4 84 60
94 53 82
53 52 65
52 79 95
1 42 57
12 71 89
45 58 69
100 45 18
13 15 91
97 96 54
41 12 92
38 91 22
51 57 31
30 60 84
31 32 20
13 66 1
82 79 96
4 47 5
59 43 87
70 100 38
45 62 57
64 76 28
74 29 63
5 20 37
35 57 4
42 58 87
21 61 42
100 90 10
93 6 84
91 88 3
55 3 20
86 92 88
91 22 82
25 18 17
100 9 27
77 65 16
18 82 44
99 91 5
28 2 36
15 87 67
100 60 84
66 43 12
51 82 15
60 4 61
79 29 41
65 34 26
61 6 25
28 46 55
51 39 32
17 6 40
44 60 67
23 70 19
83 77 98
74 83 52
86 7 52
56 43 8
30 65 81
17 26 74
67 73 45
59 96 91
91 41 56
84 1 80
26 63 84
94 29 61
0 39 48
17 78 67
91 25 16
100 1 1
56 87 92
25 25 97
49 34 10
54 13 86
11 30 40
75 56 53
43 48 99
41 5 75
82 42 37
73 100 14
18 75 3
4 1 83
69 96 3
51 37 95
49 60 88
79 7 62
3 31 48
48 77 79
60 100 78
93 62 100
60 68 69
5 19 45
56 65 95
34 29 37
23 66 83
33 34 86
38 4 40
30 5 55
19 87 86
24 1 68
79 13 6
28 89 30
61 18 70
55 93 15
22 20 89
98 55 70
98 96 13
86 89 75
50 95 41
57 58 89
95 59 36
23 7 57
58 27 76
54 47 14
75 18 15
63 4 15
66 17 16
91 2 12
1 28 70
57 26 71
59 98 12
17 43 82
37 73 10
19 67 40
23 17 75
3 40 45
25 74 22
33 29 79
0 53 42
63 47 47
37 56 98
22 14 70
16 15 64
79 87 63
15 29 66
0 34 29
51 16 83
47 1 94
0 54 4
0 57 27
10 38 38
100 91 95
31 47 82
39 39 55
71 28 11
63 18 95
13 15 75
1 87 21
51 65 58
38 3 52
50 36 93
27 56 28
87 63 13
19 61 77
70 93 6
8 44 91
18 89 10
50 27 13
14 81 78
50 22 62
60 81 83
4 42 74
45 38 11
28 95 98
82 35 76
1 13 64
77 75 10
98 83 39
9 3 8
19 25 7
29 21 13
10 36 76
42 8 52
75 40 70
4 47 1
84 58 8
38 55 3
95 44 79
66 19 66
98 13 29
45 61 96
47 12 95
78 3 72
65 77 89
90 22 23
13 9 61
87 12 14
82 97 70
20 28 98
100 26 16
83 27 46
39 68 98
2 98 62
40 29 19
40 31 94
26 54 1
23 35 44
48 52 2
34 15 71
70 59 36
46 26 68
11 5 82
99 62 71
86 14 22
20 39 43
66 30 100
81 14 29
75 23 60
3 22 39
5 5 86
34 66 96
12 39 71
46 18 82
96 44 13
10 86 69
79 6 20
70 88 73
40 58 61
72 9 77
30 17 52
61 87 41
66 22 24
43 24 79
41 97 37
52 23 15
4 78 15
40 79 88
16 11 38
25 76 48
48 69 67
43 41 16
25 12 74
42 13 34
100 61 33
53 5 47
20 14 88
72 68 30
14 58 26
56 84 29
54 98 4
91 54 60
91 63 31
19 32 69
41 98 74
44 31 91
23 8 13
91 63 85
16 58 27
32 60 75
58 90 100
98 41 60
34 85 73
52 56 84
43 9 84
22 28 37
1 73 59
99 60 89
72 53 57
22 89 58
23 65 87
14 78 60
84 79 48
55 82 52
67 68 52
11 97 8
70 91 100
54 28 31
33 20 79
57 28 81
1 74 53
37 33 85
56 44 57
88 17 98
55 2 71
18 66 28
32 43 54
29 36 86
28 96 15
51 9 46
39 72 57
100 27 67
81 30 41
7 78 53
18 69 54
52 71 59
52 27 3
59 78 24
84 71 12
74 27 60
31 10 68
92 4 28
73 44 1
55 4 97
69 62 92
25 40 82
79 94 60
68 94 26
53 66 72
54 84 77
28 81 52
84 24 17
18 61 15
61 38 36
88 93 40
32 96 39
79 69 11
60 24 94
71 75 25
98 29 77
41 67 73
64 38 29
94 24 53
30 83 16
21 66 14
29 25 59
100 98 41
17 17 24
63 90 6
57 59 38
6 33 77
91 47 20
10 32 14
36 61 83
4 8 40
16 35 59
74 86 67
26 26 94
38 31 43
81 8 37
76 23 47
2 67 55
33 18 17
61 12 61
97 82 93
67 45 84
50 78 61
46 13 25
20 46 39
16 20 13
52 29 5
84 26 67
24 57 9
23 36 86
2 64 93
48 100 7
2 32 95
79 67 41
29 72 80
23 74 80
93 8 68
54 53 91
74 9 58
34 38 11
20 56 46
67 10 77
4 11 83
44 62 13
39 5 87
41 20 71
91 2 11
88 27 3
87 28 17
37 13 100
22 41 17
12 25 45
11 92 53
93 85 66
27 97 67
16 12 2
72 36 27
12 55 55
0 71 40
85 70 9
6 36 66
53 70 66
17 37 79
92 31 9
65 83 43
74 86 76
8 13 21
100 87 47
74 77 38
97 83 99
12 8 16
73 32 97
36 86 34
93 94 28
57 92 78
69 96 28
7 13 96
51 34 61
85 74 65
53 86 23
92 55 47
80 2 41
71 87 7
97 88 98
17 53 33
96 10 58
4 17 11
68 82 88
99 99 99
2 100 54
59 22 76
81 38 43
18 56 55
0 99 43
38 36 53
47 71 80
15 48 19
47 27 8
42 63 85
10 87 38
85 68 41
91 65 22
77 83 32
72 17 12
7 21 17
54 73 68
93 21 57
66 89 30
56 91 37
53 89 74
7 29 92
93 73 87
67 1 56
25 43 87
22 15 99
24 84 57
50 22 86
17 75 28
61 11 97
35 55 45
95 92 84
28 12 87
14 89 2
22 88 73
52 36 12
11 78 3
80 74 70
6 56 93
98 80 87
84 30 23
20 71 63
57 27 68
34 78 66
43 97 35
93 37 34
27 39 58
41 62 75
19 77 96
3 83 27
36 93 63
22 4 96
19 77 72
34 9 32
65 70 12
99 26 64
40 29 7
90 78 19
3 89 85
66 69 9
86 67 92
94 75 65
90 69 64
93 91 57
1 23 28
6 45 79
43 82 18
2 21 41
75 68 11
33 84 61
67 58 20
84 75 56
72 96 80
70 15 34
9 76 39
52 69 42
14 30 25
15 40 98
76 27 10
81 69 83
93 81 97
74 3 72
16 86 46
83 41 63
76 70 22
8 7 32
98 100 65
88 58 41
44 19 7
54 83 44
26 57 61
96 2 72
82 98 10
82 56 91
84 38 75
20 73 83
38 96 19
1 54 73
93 26 48
74 24 4
95 20 58
80 15 95
95 33 26
36 32 85
4 99 34
8 78 93
68 23 92
52 10 20
53 48 15
29 37 5
93 5 46
1 12 64
84 98 55
10 9 17
54 86 32
12 72 83
74 32 14
87 20 40
49 18 95
97 10 91
16 48 34
24 8 15
18 75 8
12 33 57
74 35 78
17 79 13
67 89 59
42 67 86
91 5 25
25 69 7
85 33 65
16 81 32
81 88 84
45 39 23
18 95 60
57 75 18
34 99 40
58 58 81
82 2 69
16 86 48
87 15 84
100 89 96
37 87 8
51 61 95
67 43 20
87 63 16
83 39 80
47 88 38
47 27 41
28 53 36
56 80 4
68 13 87
87 70 20
31 9 89
48 39 20
84 32 46
86 54 55
49 2 81
36 87 6
2 59 23
89 84 47
46 38 10
45 58 33
48 46 58
94 73 33
84 5 4
19 78 93
0 42 24
47 39 84
55 36 81
53 77 48
31 90 6
10 22 55
25 54 15
48 55 54
37 29 63
62 18 5
84 93 54
72 21 28
89 99 82
92 67 54
36 60 91
100 68 14
41 85 37
49 37 81
57 71 100
20 24 95
0 20 21
90 37 82
75 53 41
55 99 81
78 12 41
17 73 94
4 92 13
87 81 48
47 2 34
76 86 17
90 70 34
48 64 69
92 80 87
20 2 14
72 40 83
90 98 72
72 73 82
94 30 5
99 8 47
5 21 40
59 82 94
37 65 24
97 10 17
35 45 55
46 60 37
13 47 81
63 74 95
28 16 5
30 86 56
7 29 86
38 13 28
35 16 42
19 53 6
12 98 95
43 47 33
96 46 59
34 29 29
99 70 27
83 56 97
58 86 97
32 98 7
25 24 95
23 24 41
30 5 25
23 3 100
97 76 47
14 72 37
34 72 75
41 85 26
21 80 63
0 68 90
46 100 56
34 26 6
24 98 37
100 91 42
23 79 47
89 37 94
95 23 15
54 84 33
20 46 63
57 87 8
84 48 1
25 2 9
40 76 92
98 57 37
4 38 5
50 65 61
88 17 100
20 46 23
73 81 87
100 66 13
54 99 95
37 87 64
75 46 17
71 86 34
34 67 6
57 66 7
26 4 85
12 24 3
