50
23 60413960
25829136 182445490
43794842 173146412
79124569 99602143
13126893 154579335
63392392 88589125
72211309 44740675
144470894 10528825
148828859 115138925
186438514 25538255
81923716 127298494
52850448 4577337
62544263 145749016
125949885 159096963
120995897 45455310
235776 178355123
139291253 86305258
165390750 179896941
142090791 28501523
125926189 188000053
34583406 135307164
126950198 33363281
160177485 120524727
138409350 33458440
16 1
0 0
0 1
0 2
1 0
1 1
1 2
2 0
2 1
2 2
2 3
3 3
4 3
3 2
4 2
3 1
4 1
3 1
100 100
200 200
300 300
14 94721190
102818692 11901776
229840290 97967311
92438282 8289203
88377752 28179570
195349265 264177000
81632912 110595365
233540291 42630875
101250288 181701684
209987223 271814462
197968983 183200920
130985824 51234901
260682881 293964310
298630555 48346427
315265984 17610828
24 114695131
274268466 287113504
279875353 138632994
44617456 54392095
190220632 164002603
3081360 286921770
186166603 52283132
244758554 72617845
234909297 210952714
198236153 238584029
43391265 137155323
153151703 21949888
88813755 60654852
227552725 10460520
250063599 143278451
29229860 179639522
146977833 270695625
194475523 48733997
135887896 920447
253765845 265126798
46650394 37266025
83650398 68968768
183755014 177968568
113797274 246700617
125009109 147040090
7 3
1 5
2 3
2 1
5 1
6 3
4 4
4 5
50 8
2 3
11 15
0 5
0 0
15 5
2 7
11 5
11 11
7 2
2 11
6 11
10 9
6 14
3 16
5 13
16 9
8 0
10 2
15 9
5 4
1 2
7 4
3 13
4 12
3 9
11 1
15 8
1 0
3 10
7 0
1 13
16 16
16 4
15 13
4 7
3 4
14 15
13 13
16 8
9 6
14 10
7 3
9 13
3 6
12 13
12 14
6 9
15 10
0 1
1 9
23 5358370
25783697 4468986
68940686 22443596
49449993 58321103
9359185 44343306
18817395 69254687
22353944 16709095
20103609 1996648
45021801 67382437
14626103 69205710
33721422 24434170
12842568 2323165
20633026 43364027
16264900 29030104
66607439 37005294
4348646 2779950
17396385 60297
49431401 29805964
30839973 52950994
22011579 18240012
4545502 57843557
2754784 49405323
20655300 26052180
54227686 6744472
18 2
0 0
0 1
0 2
3 3
3 4
3 5
1 0
1 1
1 2
4 3
4 4
4 5
2 0
2 1
2 2
5 3
5 4
5 5
18 29292555
34491743 66963169
26118836 65873711
3832158 84466000
61371084 106860618
18552151 14613434
86955869 1342565
17256784 12945738
103960609 32567570
14732382 85763218
49380090 104586609
581761 68141408
37279452 44551886
83513502 106147497
402392 17693671
62884885 25843746
65276613 31517259
51451646 6882798
8833421 83776989
18 1
0 0
0 1
0 2
0 3
0 4
0 5
1 0
1 1
1 2
1 3
1 4
1 5
2 0
2 1
2 2
2 3
2 4
2 5
13 33296393
56005174 13634790
76339596 55271040
92025531 18529809
42374191 53265934
44751543 73640280
45594365 56980375
76044702 72827002
45655098 45276216
74230520 2977890
85227714 90923031
9614808 7149158
49576581 65079653
86287062 52178966
24 14290817
177298630 158362378
160700043 248349761
1361217 107314709
31105407 194337965
74715789 171567611
247995899 61576752
33973634 165249540
115416185 189148023
91829556 192843757
232906885 103773983
231824483 204706246
42012469 183770476
153219011 236423394
151369879 32531844
194008076 238320900
132931631 224478509
136117158 121188459
29697326 901920
128795621 92026980
229221428 84237017
244816268 81027966
4365573 176098776
40683963 99750752
77644842 72827102
30 101658250
78204153 151145805
307583176 253860243
202494148 93370556
202900829 18203616
10590642 339982731
161443220 258464573
319542959 143129828
167586797 122429632
153571160 236079463
129506484 211434757
283478455 47507706
92776400 257661404
380175052 13739744
259005909 29907352
361382687 289627727
345225584 65593445
42944939 190703794
294401071 49448336
362674884 87668442
100770325 18480057
225656016 289227977
137617047 188994231
67901974 300957726
339988415 178434312
132831662 163277592
342212979 194967283
229274008 78241352
194211537 397845821
192616425 228442839
263429041 385988996
4 1
0 0
0 2
10 0
10 2
24 3344937
21289585 26274613
7062274 26646895
48560245 1025877
40975875 11119135
17322804 12187835
26593000 3997900
26371100 38810501
40675593 29236984
42637554 9661348
25533491 41352394
34183254 8478090
8065291 29405575
41097022 47673667
9865294 39088031
13176181 18975489
36334608 333255
70567 46697156
46468509 47108149
45543068 38600997
18836736 35675383
45667202 6881856
157090 16837617
32280162 48816700
48575113 12709361
1 1
100 100
4 89843245
247180922 52054762
189472565 201974719
232303868 115080728
182006201 87155761
3 29311217
294594482 334209278
411816236 367896238
7167626 265993137
14 2
0 1
0 2
0 3
1 0
1 1
1 2
1 3
2 0
2 1
2 2
2 3
3 0
3 1
3 2
4 30840691
38788369 973176
64753887 105840132
73680748 23171496
18881345 3309159
13 9509776
11096878 63489342
49060702 55508332
23618998 52252892
3891449 63928292
47467711 13872270
6058434 33984093
1663745 51854366
49756843 34828937
9046444 59272788
54810047 17878647
30774384 18220628
27014896 61833398
21402968 45600085
50 20
8 9
5 0
11 0
9 2
4 9
7 7
9 8
10 7
4 6
9 6
5 10
9 3
3 1
4 11
3 6
6 4
8 0
6 1
7 9
7 3
2 8
6 9
7 8
6 7
3 2
6 10
3 7
0 2
8 2
6 11
10 1
6 5
11 9
0 3
3 3
5 9
11 5
1 8
11 6
7 2
7 0
1 1
5 6
8 6
11 11
4 1
5 2
8 1
0 9
4 4
50 19
8 3
5 8
7 12
7 2
6 4
13 7
10 13
9 4
3 10
3 1
9 0
3 13
0 13
9 1
9 13
12 4
13 4
4 4
4 6
1 5
7 4
13 2
0 7
4 2
3 11
10 8
2 7
5 9
4 5
1 2
3 8
0 8
10 4
6 7
2 8
10 1
9 6
6 10
4 8
6 8
7 6
4 1
8 8
1 10
3 6
1 6
8 10
13 6
8 13
9 10
50 4
11 6
2 4
14 3
12 11
12 0
15 10
6 6
8 7
15 15
14 8
3 7
9 10
11 9
5 11
3 4
8 2
4 15
8 3
14 0
13 8
8 12
6 2
13 3
11 3
13 7
7 8
7 1
5 10
8 0
12 1
8 10
7 15
8 8
0 3
0 11
1 13
1 10
10 2
6 8
7 11
11 15
13 14
0 8
2 13
11 4
2 5
5 5
3 11
1 9
2 10
16 2
0 0
0 1
0 2
1 0
1 1
1 2
2 0
2 1
2 2
2 3
3 3
4 3
3 2
4 2
3 1
4 1
18 2662885
10761913 54603564
58270276 34899706
30447818 6708026
54583964 15135223
16209712 15338642
26458699 36232766
1285395 58402934
5547642 43864784
37205920 39829824
22733015 8004192
39834393 53267719
58403578 58459155
47357703 28917994
8672233 46875606
2366858 31191036
30086327 20491099
54822865 53925836
15073863 39578289
18 5301291
68833669 71099603
127885459 6791707
73445525 77706761
93689179 104353701
45061155 43900802
19398995 47826793
199671401 157192307
9273597 172379989
140234949 92458592
23714875 78886427
134925222 193877002
8897508 35195183
166606811 103629730
53363172 45560132
26160263 33138427
11891762 115728730
186559137 84749913
196981069 145210978
7 3
8 5
3 6
9 2
4 5
3 2
1 8
2 8
26 22496065
140327268 143756842
176544775 70501272
136946708 64246881
135943564 52306575
3806525 31243027
76187709 197004394
152896461 101657975
99663469 61206551
112656793 14352224
163097059 160373917
73010839 49463988
136811147 185946925
81745528 76083517
62177311 101292198
133603542 100277857
41698306 194702428
4204197 142792149
157478277 128577873
120317128 61503152
58338901 153251492
124177105 57416666
117556293 19066118
18012884 73467043
132959860 197734502
95878000 169002971
187507055 78341879
28 7010298
20259010 845744
28887952 28986004
1638618 27969512
43477242 54794457
17324934 54103948
46135454 48357062
18166050 54103977
22425308 15872568
1554006 8463319
9075641 43835253
23879253 45583195
19155511 52813269
28573311 36008541
31329856 33816781
28299879 40743296
14062012 26414169
29273006 6968099
11274178 30489222
46660174 3307444
22164714 20591065
52308531 38543916
10298817 12145951
37801155 17437866
52073622 3637010
4880511 11939440
7275249 46476581
44435393 4963060
20003619 21673261
18 1
0 0
0 1
0 2
3 3
3 4
3 5
1 0
1 1
1 2
4 3
4 4
4 5
2 0
2 1
2 2
5 3
5 4
5 5
50 6
0 0
11 7
0 11
9 14
2 2
3 3
0 13
6 4
11 8
2 10
11 13
0 8
8 3
9 2
14 8
1 9
14 14
2 9
3 7
2 5
0 4
13 10
9 5
10 5
0 12
3 5
10 14
3 14
10 6
13 7
4 1
2 3
1 13
3 2
12 4
11 6
11 14
9 8
14 12
4 13
4 8
3 8
0 9
1 1
5 3
12 9
6 12
12 11
12 13
8 13
25 22732507
60577390 4437494
6230423 31330397
51887708 31933995
1825734 26141505
60486128 35249030
43955744 64555321
79082221 12448013
63583240 70873299
32742397 23757754
61237690 62173739
31170681 56348192
44344512 20485848
62709329 28449876
15709283 52233139
15738778 32305843
12136267 7567217
911724 26973594
57211718 66261140
18975257 24607680
77847562 77426846
16161744 18219568
30677162 69812641
79163490 465377
5316132 4993634
41529121 41099507
18 2
0 0
0 1
0 2
0 3
0 4
0 5
1 0
1 1
1 2
1 3
1 4
1 5
2 0
2 1
2 2
2 3
2 4
2 5
4 2
0 0
0 2
10 0
10 2
13 27384973
68062954 24689303
123432540 95668344
134633736 100143958
23094058 76534074
75665340 59369431
130662027 139191118
88807015 64138123
42088919 51549181
55409601 142807832
120473250 51173659
43372237 71620150
23606805 101596501
138790841 57180585
26 45922758
49883291 92905212
106757092 86840559
65556445 61578043
54477455 107777366
88832741 84806834
31368164 25237375
46560275 117929078
98095327 13534106
80203282 54844470
18888751 96908326
117774222 11104105
65122942 113911028
83754003 119260006
37064479 93316675
74590915 40848018
71658387 25609802
115223540 104135859
31314040 15805589
26441828 73570723
10981007 16635847
42194457 64940769
88452328 59703806
71951001 116284738
43724908 50543251
109398851 14462789
68208391 113423808
17 37926313
253995452 64121980
205533867 281886860
246741871 95022885
208480973 119429032
196413662 188373658
123632418 160277288
124469256 275179503
78515422 168607358
66687382 253994182
95142538 17402629
113295461 131188480
265264243 86853609
81919808 282203877
197486202 48367651
13785099 299085298
204797422 205455585
158130383 15459834
7 6
8 5
3 6
9 2
4 5
3 2
1 8
2 8
14 1
0 1
0 2
0 3
1 0
1 1
1 2
1 3
2 0
2 1
2 2
2 3
3 0
3 1
3 2
50 8
11 8
9 15
14 17
2 9
1 7
15 13
16 10
9 12
11 7
7 13
17 10
1 16
7 11
8 7
16 17
15 16
10 7
16 1
10 0
13 17
12 17
3 4
14 15
2 11
6 5
12 4
3 13
1 8
0 8
14 8
2 2
16 6
13 6
3 11
8 0
2 5
4 6
4 9
17 11
5 5
9 2
7 0
17 0
8 8
8 2
0 1
1 6
2 14
4 11
15 1
2 1
100 100
200 200
50 17
5 5
6 9
6 5
3 9
2 0
6 8
7 5
10 1
4 3
2 5
3 5
8 10
1 2
10 3
8 8
9 9
10 0
7 4
3 0
0 0
10 5
4 4
7 2
4 6
2 2
7 1
3 2
9 1
2 1
0 5
5 1
4 1
2 3
8 1
9 8
6 7
8 0
1 9
6 0
8 3
3 3
5 3
9 0
2 4
9 2
10 4
7 7
9 4
1 8
1 6
1 6583114
112222962 83166220
22 12831146
55470245 9220616
48539025 76324648
52157672 42587837
7967047 2278982
8587601 27351620
53252894 21691206
37065870 52857632
4064038 53388249
75452122 51130683
5786342 41316092
30489118 83095143
74617234 47597071
43776239 53361689
24567476 59777734
31800666 63782875
41902752 29336853
23327228 17952056
27563990 52830840
40566403 36072460
24175030 77005525
20902550 19145698
48532158 60465340
15 11559273
49987969 29470600
64063113 4336518
71085122 61848358
2159932 22559981
7103992 26818375
3002492 65670172
47620387 6649084
35614398 33393489
40932194 5359823
4707307 14752536
21199699 41630364
43099569 41468543
48743070 67168299
51433385 7946389
358816 72256110
27 121173007
7774227 404295126
173489447 341397624
414417064 19780618
182934823 326960315
111070722 152329054
66563909 279445179
379762340 83430768
188058747 79819707
273920581 287484659
145605517 363157105
116512360 432001292
213713213 338761283
73653785 328484020
433671415 30940014
85665343 302983909
172180577 215635139
23555516 359849532
104136679 34628513
169044174 57005814
244395501 334290921
183124865 223843769
320071942 73316368
420451267 195505398
329259928 386867107
407349256 205597149
247724556 178823917
127879336 368186444
50 5
3 15
10 16
9 4
6 15
4 8
5 11
0 1
16 10
17 13
15 10
3 1
11 11
13 18
13 11
13 17
8 8
7 15
6 6
2 4
15 3
12 10
18 11
17 6
8 18
17 3
5 4
11 2
6 1
2 9
9 10
3 8
2 1
2 3
7 9
12 2
13 0
8 11
3 4
18 9
16 7
11 18
17 2
8 12
16 12
4 4
0 2
7 13
15 5
0 11
14 1
50 4
9 6
12 8
6 0
0 3
12 11
9 8
0 5
2 3
2 5
2 2
7 1
12 9
0 9
6 1
0 2
10 12
0 1
12 7
12 3
12 1
0 0
11 0
12 10
12 4
12 5
1 1
3 1
4 4
9 4
0 10
3 5
11 11
1 9
11 1
3 4
10 5
10 7
8 9
8 1
7 7
7 6
5 2
5 3
6 9
9 0
12 12
0 6
7 0
1 11
4 10
