100
1
19
23
90
900000
9
1110
31
11011
12000
900001
8192
999900
901
1998
91
32
99
99001
11
998999
100001
109876
999000
32
200
21
432109
201
10000
102
11001
110
22
111
32768
2001
999001
10011
990001
10010
999998
11110
901234
10111
101
11101
30
1001
990000
999899
2201
12001
29
234567
900
10101
989999
321098
199
1000
2000
19
10100
1000000
10001
999
7
2200
2101
512
99000
999999
10110
1099
1100
11000
999989
100000
999991
11100
777777
101000
11111
101001
999990
11010
9999
2100
10999
100
12
1999
1111
899999
999901
1101
20
2002
10
